fsm_10states_2loops_lowered.mlir
1.07
0.99
0.94
1.03
1.02
1.08
0.95
1.03
0.99
0.98
fsm_15states_2loops_lowered.mlir
8.82
8.29
8.52
8.42
8.74
8.54
8.58
8.09
7.97
8.40
fsm_20states_2loops_lowered.mlir
42.80
42.55
41.59
40.48
41.61
40.84
41.55
39.50
41.44
42.42
fsm_25states_2loops_lowered.mlir
62.82
62.00
59.46
59.46
59.65
59.20
61.87
60.25
60.17
61.58
fsm_30states_2loops_lowered.mlir
109.47
108.56
109.43
112.25
111.42
109.35
111.19
108.05
110.69
111.55
fsm_35states_2loops_lowered.mlir
202.77
198.13
193.76
183.00
183.10
218.94
203.67
215.21
188.44
218.72
