fsm_10states_2loops_lowered.mlir
1.05
0.95
0.97
0.98
1.06
0.97
0.94
0.91
0.95
0.98
fsm_15states_2loops_lowered.mlir
8.26
8.37
8.29
8.43
8.01
8.22
8.35
8.30
8.94
8.72
fsm_20states_2loops_lowered.mlir
41.95
37.68
42.84
39.63
43.26
41.72
41.17
41.46
41.20
41.70
fsm_25states_2loops_lowered.mlir
60.10
62.26
59.09
58.27
57.52
59.72
61.19
59.03
59.21
57.98
fsm_30states_2loops_lowered.mlir
108.24
111.75
108.72
115.29
109.08
111.69
114.69
114.17
114.05
116.15
fsm_35states_2loops_lowered.mlir
205.02
208.37
172.90
172.62
221.53
193.85
211.29
194.78
212.47
220.19
