fsm_10states_2loops_lowered.mlir
1.03
1.02
0.99
0.96
1.03
0.96
1.04
1.01
0.91
1.01
fsm_15states_2loops_lowered.mlir
8.24
8.34
8.36
8.70
8.78
8.44
7.94
8.08
9.37
8.98
fsm_20states_2loops_lowered.mlir
41.81
40.52
40.93
41.90
40.79
44.87
42.40
41.79
41.29
41.20
fsm_25states_2loops_lowered.mlir
59.50
60.63
58.31
59.00
58.80
59.04
60.38
58.25
58.45
61.32
fsm_30states_2loops_lowered.mlir
114.52
105.66
106.25
110.77
107.53
107.93
113.62
108.34
107.10
110.12
fsm_35states_2loops_lowered.mlir
222.32
220.87
213.07
215.73
205.24
196.88
205.45
199.26
201.11
202.21
