fsm_10states_2loops_lowered.mlir
1.00
1.02
1.00
0.96
0.97
1.03
1.03
1.01
0.97
0.99
fsm_15states_2loops_lowered.mlir
8.48
8.46
8.94
8.62
8.62
8.28
8.33
8.68
7.77
8.14
fsm_20states_2loops_lowered.mlir
42.94
42.34
42.26
42.41
41.43
40.03
42.52
42.06
42.52
42.70
fsm_25states_2loops_lowered.mlir
57.93
57.83
58.29
61.18
59.44
59.25
60.21
60.88
58.93
59.92
fsm_30states_2loops_lowered.mlir
122.52
118.16
116.24
118.97
117.80
117.90
116.29
115.94
114.67
114.71
fsm_35states_2loops_lowered.mlir
214.20
216.85
216.53
215.26
213.15
223.54
223.97
217.70
222.93
223.12
