fsm_10states_2loops_lowered.mlir
1.00
1.03
1.01
1.05
1.05
1.03
1.07
1.02
1.06
1.10
fsm_15states_2loops_lowered.mlir
8.80
8.54
8.66
8.52
8.78
8.84
8.52
8.55
8.33
8.47
fsm_20states_2loops_lowered.mlir
42.00
37.72
41.96
41.04
40.22
40.94
41.16
40.81
41.11
42.18
fsm_25states_2loops_lowered.mlir
59.08
61.25
59.47
58.85
56.83
60.86
61.23
59.20
57.93
59.17
fsm_30states_2loops_lowered.mlir
105.10
106.88
109.63
109.63
112.31
110.34
104.77
108.05
107.31
106.96
fsm_35states_2loops_lowered.mlir
213.23
235.97
227.03
212.68
194.71
198.55
205.20
215.92
186.26
183.62
